0.9 5.607
0.926263 5.42517
0.952525 5.26071
0.978788 5.11155
1.00505 4.97588
1.03131 4.85217
1.05758 4.73909
1.08384 4.63549
1.1101 4.54036
1.13636 4.45282
1.16263 4.37212
1.18889 4.29758
1.21515 4.22861
1.24141 4.16467
1.26768 4.1053
1.29394 4.0501
1.3202 3.99869
1.34646 3.95073
1.37273 3.90595
1.39899 3.86407
1.42525 3.82485
1.45152 3.78808
1.47778 3.75357
1.50404 3.72114
1.5303 3.69063
1.55657 3.6619
1.58283 3.63482
1.60909 3.60926
1.63535 3.58512
1.66162 3.5623
1.68788 3.54071
1.71414 3.52026
1.7404 3.50088
1.76667 3.4825
1.79293 3.46505
1.81919 3.44847
1.84545 3.4327
1.87172 3.4177
1.89798 3.40342
1.92424 3.38982
1.95051 3.37685
1.97677 3.36448
2.00303 3.35266
2.02929 3.34138
2.05556 3.3306
2.08182 3.32029
2.10808 3.31043
2.13434 3.30098
2.16061 3.29193
2.18687 3.28326
2.21313 3.27495
2.23939 3.26698
2.26566 3.25932
2.29192 3.25197
2.31818 3.24491
2.34444 3.23812
2.37071 3.2316
2.39697 3.22532
2.42323 3.21927
2.44949 3.21345
2.47576 3.20785
2.50202 3.20245
2.52828 3.19724
2.55455 3.19222
2.58081 3.18737
2.60707 3.1827
2.63333 3.17818
2.6596 3.17382
2.68586 3.16961
2.71212 3.16553
2.73838 3.1616
2.76465 3.15779
2.79091 3.1541
2.81717 3.15053
2.84343 3.14708
2.8697 3.14373
2.89596 3.14049
2.92222 3.13735
2.94848 3.1343
2.97475 3.13135
3.00101 3.12848
3.02727 3.1257
3.05354 3.123
3.0798 3.12038
3.10606 3.11783
3.13232 3.11536
3.15859 3.11296
3.18485 3.11062
3.21111 3.10835
3.23737 3.10614
3.26364 3.10399
3.2899 3.1019
3.31616 3.09986
3.34242 3.09788
3.36869 3.09594
3.39495 3.09406
3.42121 3.09223
3.44747 3.09044
3.47374 3.0887
3.5 3.087
