0 2
0.01 2.01
0.02 2.02
0.03 2.02999
0.04 2.03998
0.05 2.04996
0.06 2.05992
0.07 2.06986
0.08 2.07979
0.09 2.08969
0.1 2.09957
0.11 2.10942
0.12 2.11924
0.13 2.12903
0.14 2.13877
0.15 2.14848
0.16 2.15814
0.17 2.16776
0.18 2.17733
0.19 2.18685
0.2 2.19631
0.21 2.20571
0.22 2.21505
0.23 2.22433
0.24 2.23354
0.25 2.24269
0.26 2.25176
0.27 2.26075
0.28 2.26967
0.29 2.27851
0.3 2.28726
0.31 2.29593
0.32 2.3045
0.33 2.31299
0.34 2.32138
0.35 2.32968
0.36 2.33787
0.37 2.34596
0.38 2.35394
0.39 2.36182
0.4 2.36959
0.41 2.37724
0.42 2.38478
0.43 2.3922
0.44 2.39949
0.45 2.40667
0.46 2.41371
0.47 2.42063
0.48 2.42742
0.49 2.43407
0.5 2.44059
0.51 2.44697
0.52 2.45321
0.53 2.4593
0.54 2.46525
0.55 2.47105
0.56 2.4767
0.57 2.4822
0.58 2.48754
0.59 2.49273
0.6 2.49776
0.61 2.50262
0.62 2.50732
0.63 2.51186
0.64 2.51623
0.65 2.52043
0.66 2.52445
0.67 2.52831
0.68 2.53198
0.69 2.53548
0.7 2.5388
0.71 2.54194
0.72 2.5449
0.73 2.54767
0.74 2.55025
0.75 2.55265
0.76 2.55485
0.77 2.55687
0.78 2.55868
0.79 2.56031
0.8 2.56173
0.81 2.56296
0.82 2.56399
0.83 2.56482
0.84 2.56544
0.85 2.56586
0.86 2.56608
0.87 2.56608
0.88 2.56588
0.89 2.56547
0.9 2.56485
0.91 2.56401
0.92 2.56297
0.93 2.56171
0.94 2.56023
0.95 2.55854
0.96 2.55663
0.97 2.5545
0.98 2.55215
0.99 2.54958
1 2.54679
1.01 2.54378
1.02 2.54054
1.03 2.53709
1.04 2.5334
1.05 2.5295
1.06 2.52536
1.07 2.52101
1.08 2.51642
1.09 2.51161
1.1 2.50657
1.11 2.5013
1.12 2.49581
1.13 2.49008
1.14 2.48413
1.15 2.47795
1.16 2.47154
1.17 2.46489
1.18 2.45802
1.19 2.45092
1.2 2.44359
1.21 2.43603
1.22 2.42824
1.23 2.42022
1.24 2.41197
1.25 2.40349
1.26 2.39478
1.27 2.38584
1.28 2.37667
1.29 2.36728
1.3 2.35766
1.31 2.3478
1.32 2.33773
1.33 2.32742
1.34 2.31689
1.35 2.30613
1.36 2.29515
1.37 2.28394
1.38 2.27251
1.39 2.26086
1.4 2.24898
1.41 2.23689
1.42 2.22457
1.43 2.21203
1.44 2.19928
1.45 2.18631
1.46 2.17312
1.47 2.15971
1.48 2.14609
1.49 2.13226
1.5 2.11822
1.51 2.10396
1.52 2.0895
1.53 2.07482
1.54 2.05994
1.55 2.04486
1.56 2.02957
1.57 2.01408
1.58 1.99839
1.59 1.9825
1.6 1.96641
1.61 1.95012
1.62 1.93364
1.63 1.91697
1.64 1.90011
1.65 1.88305
1.66 1.86582
1.67 1.84839
1.68 1.83078
1.69 1.81299
1.7 1.79502
1.71 1.77688
1.72 1.75855
1.73 1.74006
1.74 1.72139
1.75 1.70256
1.76 1.68355
1.77 1.66439
1.78 1.64506
1.79 1.62557
1.8 1.60592
1.81 1.58612
1.82 1.56617
1.83 1.54606
1.84 1.52581
1.85 1.50542
1.86 1.48488
1.87 1.4642
1.88 1.44338
1.89 1.42243
1.9 1.40135
1.91 1.38013
1.92 1.35879
1.93 1.33733
1.94 1.31575
1.95 1.29405
1.96 1.27223
1.97 1.2503
1.98 1.22826
1.99 1.20612
2 1.18387
2.01 1.16152
2.02 1.13908
2.03 1.11654
2.04 1.09391
2.05 1.07119
2.06 1.04839
2.07 1.02551
2.08 1.00255
2.09 0.979513
2.1 0.956406
2.11 0.93323
2.12 0.909989
2.13 0.886686
2.14 0.863326
2.15 0.83991
2.16 0.816443
2.17 0.792929
2.18 0.769369
2.19 0.745769
2.2 0.722131
2.21 0.698459
2.22 0.674757
2.23 0.651027
2.24 0.627275
2.25 0.603502
2.26 0.579714
2.27 0.555913
2.28 0.532103
2.29 0.508289
2.3 0.484472
2.31 0.460659
2.32 0.43685
2.33 0.413052
2.34 0.389267
2.35 0.3655
2.36 0.341753
2.37 0.318031
2.38 0.294337
2.39 0.270676
2.4 0.247051
2.41 0.223466
2.42 0.199925
2.43 0.176431
2.44 0.152989
2.45 0.129602
2.46 0.106275
2.47 0.0830103
2.48 0.0598128
2.49 0.0366862
2.5 0.0136343
2.51 -0.00933894
2.52 -0.0322296
2.53 -0.0550339
2.54 -0.0777478
2.55 -0.100367
2.56 -0.122889
2.57 -0.145308
2.58 -0.167622
2.59 -0.189825
2.6 -0.211915
2.61 -0.233887
2.62 -0.255737
2.63 -0.277462
2.64 -0.299057
2.65 -0.320519
2.66 -0.341844
2.67 -0.363027
2.68 -0.384065
2.69 -0.404955
2.7 -0.425692
2.71 -0.446272
2.72 -0.466691
2.73 -0.486946
2.74 -0.507033
2.75 -0.526947
2.76 -0.546686
2.77 -0.566245
2.78 -0.58562
2.79 -0.604808
2.8 -0.623805
2.81 -0.642607
2.82 -0.66121
2.83 -0.679611
2.84 -0.697806
2.85 -0.71579
2.86 -0.733561
2.87 -0.751115
2.88 -0.768448
2.89 -0.785556
2.9 -0.802435
2.91 -0.819083
2.92 -0.835495
2.93 -0.851669
2.94 -0.867599
2.95 -0.883283
2.96 -0.898718
2.97 -0.913899
2.98 -0.928823
2.99 -0.943488
3 -0.957888
