60
0.000000000000000 0.000000000000000
0.050847457627119 0.053476731473796
0.101694915254237 0.112386967401074
0.152542372881356 0.176991830623757
0.203389830508475 0.247549413547628
0.254237288135593 0.324313049555275
0.305084745762712 0.407529425273456
0.355932203389831 0.497436526929570
0.406779661016949 0.594261414210336
0.457627118644068 0.698217815269220
0.508474576271186 0.809503536822082
0.559322033898305 0.928297683627828
0.610169491525424 1.054757682077386
0.661016949152542 1.189016103115305
0.711864406779661 1.331177280298758
0.762711864406780 1.481313719464300
0.813559322033898 1.639462297228645
0.864406779661017 1.805620246401705
0.915254237288136 1.979740927343768
0.966101694915254 2.161729385359635
1.016949152542373 2.351437695396595
1.067796610169492 2.548660096605941
1.118644067796610 2.753127920744973
1.169491525423729 2.964504319943861
1.220338983050848 3.182378801044625
1.271186440677966 3.406261575543394
1.322033898305085 3.635577736137107
1.372881355932204 3.869661272996809
1.423728813559322 4.107748945166352
1.474576271186441 4.348974024921946
1.525423728813559 4.592359935528314
1.576271186440678 4.836813805594821
1.627118644067797 5.081119966172514
1.677966101694915 5.323933419842734
1.728813559322034 5.563773314331633
1.779661016949153 5.799016456642828
1.830508474576271 6.027890907332908
1.881355932203390 6.248469698360036
1.932203389830509 6.458664721912678
1.983050847457627 6.656220841769898
2.033898305084746 6.838710283052320
2.084745762711865 7.003527360687736
2.135593220338983 7.147883611529861
2.186440677966102 7.268803399824081
2.237288135593221 7.363120070599042
2.288135593220339 7.427472730565271
2.338983050847458 7.458303741206758
2.389830508474577 7.451857013941925
2.440677966101695 7.404177202487446
2.491525423728814 7.311109892860711
2.542372881355933 7.168302896780079
2.593220338983051 6.971208759539966
2.644067796610170 6.715088598720502
2.694915254237289 6.395017395306841
2.745762711864407 6.005890863905051
2.796610169491526 5.542434033711615
2.847457627118644 4.999211676679197
2.898305084745763 4.370640723877038
2.949152542372881 3.651004815320372
3.000000000000000 2.834471132487004
