15
2.000000000000000000e+00 8.268218104318060258e-01
2.142857142857142794e+00 7.069229572715536314e-01
2.285714285714285587e+00 5.702470312265165431e-01
2.428571428571428381e+00 4.278755575324074134e-01
2.571428571428571175e+00 2.913518498088246145e-01
2.714285714285714413e+00 1.717450916068888056e-01
2.857142857142857206e+00 7.875285987178849700e-02
3.000000000000000000e+00 1.991485667481698862e-02
3.142857142857142794e+00 1.598932255046702921e-06
3.285714285714285587e+00 2.062763043820682596e-02
3.428571428571428381e+00 8.012061653023516694e-02
3.571428571428571175e+00 1.736569350401648837e-01
3.714285714285714413e+00 2.936527699733500474e-01
3.857142857142856762e+00 4.303789984954261572e-01
4.000000000000000000e+00 5.727500169043067135e-01
